name	taxonomy_id	taxonomy_lvl	sample_A_num	sample_A_frac	sample_B_num	sample_B_frac	sample_C_num	sample_C_frac	sample_D_num	sample_D_frac	sample_E_num	sample_E_frac	sample_F_num	sample_F_frac
Actinobacteria	1760	C	18100988	0.32717	14058478	0.37656	25553679	0.48094	13397619	0.34980	11691116	0.24766	14031630	0.37019
Coriobacteriia	84998	C	123971	0.00224	306870	0.00822	385859	0.00726	655657	0.01712	486425	0.01030	157404	0.00415
Nitriliruptoria	908620	C	859	0.00002	788	0.00002	975	0.00002	447	0.00001	647	0.00001	763	0.00002
Thermoleophilia	1497346	C	401	0.00001	416	0.00001	459	0.00001	316	0.00001	387	0.00001	329	0.00001
Rubrobacteria	84995	C	439	0.00001	582	0.00002	537	0.00001	258	0.00001	307	0.00001	370	0.00001
Acidimicrobiia	84992	C	67	0.00000	88	0.00000	47	0.00000	52	0.00000	8239	0.00017	66	0.00000
Negativicutes	909932	C	8161568	0.14752	4122845	0.11043	373691	0.00703	6978674	0.18220	7144928	0.15136	5474809	0.14444
Bacilli	91061	C	5549465	0.10030	2504750	0.06709	7042443	0.13254	3395890	0.08866	4999666	0.10591	3082263	0.08132
Clostridia	186801	C	152487	0.00276	127232	0.00341	115038	0.00217	87440	0.00228	124052	0.00263	93087	0.00246
Tissierellia	1737404	C	10274	0.00019	8660	0.00023	4373	0.00008	22036	0.00058	16790	0.00036	7452	0.00020
Erysipelotrichia	526524	C	1285	0.00002	913	0.00002	1059	0.00002	1669	0.00004	1515	0.00003	1027	0.00003
Limnochordia	1676648	C	8940	0.00016	6270	0.00017	414	0.00001	5423	0.00014	315	0.00001	5754	0.00015
Gloeobacteria	307596	C	763	0.00001	567	0.00002	417	0.00001	436	0.00001	550	0.00001	481	0.00001
Deinococci	188787	C	4092	0.00007	4007	0.00011	3654	0.00007	2179	0.00006	3276	0.00007	3303	0.00009
Mollicutes	31969	C	3908	0.00007	2199	0.00006	1527	0.00003	2660	0.00007	3870	0.00008	2589	0.00007
Chloroflexia	32061	C	343	0.00001	345	0.00001	264	0.00000	218	0.00001	280	0.00001	279	0.00001
Dehalococcoidia	301297	C	388	0.00001	420	0.00001	279	0.00001	432	0.00001	430	0.00001	371	0.00001
Anaerolineae	292625	C	271	0.00000	273	0.00001	3616	0.00007	116	0.00000	373	0.00001	224	0.00001
Thermomicrobia	189775	C	203	0.00000	238	0.00001	201	0.00000	192	0.00001	210	0.00000	191	0.00001
Ardenticatenia	1382928	C	193	0.00000	130	0.00000	173	0.00000	139	0.00000	118	0.00000	113	0.00000
Ktedonobacteria	388447	C	137	0.00000	130	0.00000	4088	0.00008	74	0.00000	111	0.00000	122	0.00000
Caldilineae	475962	C	131	0.00000	108	0.00000	135	0.00000	79	0.00000	123	0.00000	86	0.00000
Chthonomonadetes	1077257	C	186	0.00000	165	0.00000	125	0.00000	123	0.00000	118	0.00000	123	0.00000
Fimbriimonadia	1663419	C	182	0.00000	127	0.00000	66	0.00000	99	0.00000	142	0.00000	131	0.00000
Flavobacteriia	117743	C	5301860	0.09583	862595	0.02310	941267	0.01772	1587564	0.04145	2660018	0.05635	2502447	0.06602
Bacteroidia	200643	C	2371451	0.04286	3754572	0.10057	286213	0.00539	3263435	0.08520	3070225	0.06504	2477641	0.06537
Cytophagia	768503	C	17441	0.00032	10764	0.00029	3928	0.00007	10729	0.00028	13421	0.00028	11549	0.00030
Sphingobacteriia	117747	C	5340	0.00010	2879	0.00008	1729	0.00003	4087	0.00011	5198	0.00011	3393	0.00009
Chitinophagia	1853228	C	5171	0.00009	3248	0.00009	1371	0.00003	3147	0.00008	3721	0.00008	3516	0.00009
Saprospiria	1937959	C	869	0.00002	518	0.00001	101	0.00000	375	0.00001	684	0.00001	554	0.00001
Chlorobia	191410	C	2017	0.00004	1993	0.00005	706	0.00001	1359	0.00004	1722	0.00004	1557	0.00004
Ignavibacteria	795747	C	126	0.00000	149	0.00000	159	0.00000	95	0.00000	143	0.00000	92	0.00000
Fibrobacteria	204430	C	509	0.00001	427	0.00001	195143	0.00367	384	0.00001	463	0.00001	336	0.00001
Gemmatimonadetes	219685	C	559	0.00001	607	0.00002	351	0.00001	395	0.00001	405	0.00001	385	0.00001
Betaproteobacteria	28216	C	4625779	0.08361	1279292	0.03427	8274911	0.15574	2737446	0.07147	3924558	0.08314	2381022	0.06282
Gammaproteobacteria	1236	C	1385263	0.02504	655408	0.01756	2143557	0.04034	577377	0.01507	1100844	0.02332	762887	0.02013
Epsilonproteobacteria	29547	C	692163	0.01251	667353	0.01788	315659	0.00594	428907	0.01120	574002	0.01216	454803	0.01200
Deltaproteobacteria	28221	C	16712	0.00030	15055	0.00040	32155	0.00061	9788	0.00026	12807	0.00027	13040	0.00034
Alphaproteobacteria	28211	C	71871	0.00130	66975	0.00179	62606	0.00118	44514	0.00116	58073	0.00123	55634	0.00147
Acidithiobacillia	1807140	C	649	0.00001	447	0.00001	374	0.00001	335	0.00001	467	0.00001	450	0.00001
Oligoflexia	1553900	C	554	0.00001	314	0.00001	351	0.00001	264	0.00001	407	0.00001	400	0.00001
Zetaproteobacteria	580370	C	219	0.00000	230	0.00001	143	0.00000	219	0.00001	191	0.00000	202	0.00001
Hydrogenophilalia	2008785	C	148	0.00000	335790	0.00899	83	0.00000	84	0.00000	133	0.00000	95	0.00000
Fusobacteriia	203490	C	1245402	0.02251	242005	0.00648	125706	0.00237	811159	0.02118	725672	0.01537	631128	0.01665
Spirochaetia	203692	C	111137	0.00201	7969	0.00021	12918	0.00024	23169	0.00060	493629	0.01046	12514	0.00033
Opitutae	414999	C	1501	0.00003	1350	0.00004	785	0.00001	865	0.00002	1277	0.00003	1218	0.00003
Verrucomicrobiae	203494	C	1254	0.00002	1253	0.00003	751	0.00001	957	0.00002	1080	0.00002	975	0.00003
Methylacidiphilae	1955630	C	62	0.00000	30	0.00000	17	0.00000	40	0.00000	59	0.00000	40	0.00000
Spartobacteria	134549	C	59	0.00000	49	0.00000	25	0.00000	26	0.00000	36	0.00000	37	0.00000
Planctomycetia	203683	C	1218	0.00002	1167	0.00003	1273	0.00002	876	0.00002	1017	0.00002	1012	0.00003
Phycisphaerae	666505	C	404	0.00001	364	0.00001	304	0.00001	311	0.00001	333	0.00001	344	0.00001
Candidatus Brocadiae	2517206	C	75	0.00000	24	0.00000	11	0.00000	46	0.00000	37	0.00000	23	0.00000
Chlamydiia	204429	C	429	0.00001	343	0.00001	292	0.00001	302	0.00001	366	0.00001	261	0.00001
Kiritimatiellae	1921781	C	187	0.00000	181	0.00000	128	0.00000	59	0.00000	176	0.00000	122	0.00000
Lentisphaeria	1313211	C	89	0.00000	157	0.00000	55	0.00000	52	0.00000	111	0.00000	66	0.00000
Acidobacteriia	204432	C	1044	0.00002	1298	0.00003	749	0.00001	783	0.00002	937	0.00002	836	0.00002
Vicinamibacteria	1813735	C	175	0.00000	169	0.00000	251	0.00000	222	0.00001	246	0.00001	91	0.00000
Blastocatellia	1562566	C	105	0.00000	84	0.00000	88	0.00000	47	0.00000	89	0.00000	63	0.00000
Thermotogae	188708	C	804	0.00001	626	0.00002	448	0.00001	716	0.00002	903	0.00002	536	0.00001
Nitrospira	203693	C	719	0.00001	817	0.00002	552	0.00001	424	0.00001	608	0.00001	559	0.00001
Synergistia	649775	C	530	0.00001	464	0.00001	915	0.00002	330	0.00001	479	0.00001	417	0.00001
Aquificae	187857	C	411	0.00001	211	0.00001	152	0.00000	301	0.00001	412	0.00001	329	0.00001
Deferribacteres	68337	C	393	0.00001	272	0.00001	128	0.00000	216	0.00001	408	0.00001	277	0.00001
Chrysiogenetes	118001	C	246	0.00000	144	0.00000	62	0.00000	117	0.00000	113	0.00000	131	0.00000
Elusimicrobia	641853	C	96	0.00000	68	0.00000	14	0.00000	65	0.00000	90	0.00000	51	0.00000
Endomicrobia	447830	C	94	0.00000	59	0.00000	29	0.00000	47	0.00000	98	0.00000	57	0.00000
Thermodesulfobacteria	67799	C	177	0.00000	63	0.00000	83	0.00000	145	0.00000	142	0.00000	104	0.00000
Calditrichae	1962850	C	75	0.00000	46	0.00000	73	0.00000	59	0.00000	86	0.00000	37	0.00000
Dictyoglomia	203486	C	57	0.00000	32	0.00000	30	0.00000	43	0.00000	62	0.00000	35	0.00000
Caldisericia	693071	C	17	0.00000	11	0.00000	43	0.00000	17	0.00000	26	0.00000	13	0.00000
Coprothermobacteria	2138243	C	14	0.00000	11	0.00000	10	0.00000	16	0.00000	10	0.00000	14	0.00000
Mammalia	40674	C	7329217	0.13247	8261549	0.22129	7228354	0.13604	4231793	0.11049	10056223	0.21303	5712696	0.15071
Halobacteria	183963	C	2917	0.00005	2958	0.00008	3546	0.00007	1595	0.00004	2210	0.00005	2304	0.00006
Methanomicrobia	224756	C	738	0.00001	779	0.00002	561	0.00001	491	0.00001	632	0.00001	546	0.00001
Methanobacteria	183925	C	302	0.00001	131	0.00000	64	0.00000	204	0.00001	245	0.00001	196	0.00001
Methanococci	183939	C	206	0.00000	64	0.00000	80	0.00000	220	0.00001	241	0.00001	117	0.00000
Thermococci	183968	C	231	0.00000	267	0.00001	304	0.00001	125	0.00000	226	0.00000	150	0.00000
Thermoplasmata	183967	C	116	0.00000	158	0.00000	109	0.00000	92	0.00000	126	0.00000	128	0.00000
Archaeoglobi	183980	C	72	0.00000	52	0.00000	39	0.00000	43	0.00000	35	0.00000	61	0.00000
Thermoprotei	183924	C	814	0.00001	683	0.00002	437	0.00001	530	0.00001	654	0.00001	545	0.00001
Nitrososphaeria	1643678	C	4455	0.00008	3032	0.00008	0	0.00000	2038	0.00005	5216	0.00011	3092	0.00008
Candidatus Babeliae	2497643	C	0	0.00000	0	0.00000	0	0.00000	0	0.00000	0	0.00000	87	0.00000
