name	taxonomy_id	taxonomy_lvl	sample_A_num	sample_A_frac	sample_B_num	sample_B_frac	sample_C_num	sample_C_frac	sample_D_num	sample_D_frac	sample_E_num	sample_E_frac	sample_F_num	sample_F_frac
Actinomycetales	2037	O	10258702	0.18542	9815397	0.26291	16174627	0.30430	9294876	0.24268	7230968	0.15318	8296473	0.21888
Corynebacteriales	85007	O	3294918	0.05955	2886205	0.07731	736885	0.01386	1298411	0.03390	2145307	0.04545	2535399	0.06689
Micrococcales	85006	O	2343167	0.04235	524913	0.01406	5711151	0.10745	1766092	0.04611	1503496	0.03185	1924387	0.05077
Propionibacteriales	85009	O	2059846	0.03723	695849	0.01864	2708525	0.05096	958088	0.02501	690942	0.01464	1158164	0.03056
Streptomycetales	85011	O	74894	0.00135	70335	0.00188	114497	0.00215	40900	0.00107	60906	0.00129	60583	0.00160
Pseudonocardiales	85010	O	19007	0.00034	16740	0.00045	31137	0.00059	10561	0.00028	15617	0.00033	15091	0.00040
Micromonosporales	85008	O	14929	0.00027	13498	0.00036	24548	0.00046	7975	0.00021	12560	0.00027	11798	0.00031
Bifidobacteriales	85004	O	11540	0.00021	12676	0.00034	15143	0.00028	7184	0.00019	10118	0.00021	9855	0.00026
Streptosporangiales	85012	O	8463	0.00015	8105	0.00022	13052	0.00025	4539	0.00012	7438	0.00016	7272	0.00019
Frankiales	85013	O	4049	0.00007	4087	0.00011	6083	0.00011	2277	0.00006	3806	0.00008	3505	0.00009
Geodermatophilales	1643682	O	2288	0.00004	2191	0.00006	3789	0.00007	1213	0.00003	1898	0.00004	1880	0.00005
Jiangellales	1217098	O	1932	0.00003	1990	0.00005	2976	0.00006	1013	0.00003	1736	0.00004	1509	0.00004
Nakamurellales	1643684	O	1576	0.00003	1366	0.00004	2949	0.00006	877	0.00002	1351	0.00003	1210	0.00003
Kineosporiales	622452	O	1128	0.00002	1158	0.00003	4189	0.00008	747	0.00002	1205	0.00003	963	0.00003
Catenulisporales	414714	O	1695	0.00003	1694	0.00005	1135	0.00002	1160	0.00003	1583	0.00003	1406	0.00004
Glycomycetales	85014	O	767	0.00001	536	0.00001	1144	0.00002	414	0.00001	536	0.00001	600	0.00002
Actinopolysporales	622450	O	1362	0.00002	1026	0.00003	859	0.00002	678	0.00002	977	0.00002	932	0.00002
Candidatus Nanopelagicales	2039638	O	423	0.00001	403	0.00001	534	0.00001	434	0.00001	426	0.00001	333	0.00001
Acidothermales	1643683	O	291	0.00001	300	0.00001	431	0.00001	169	0.00000	236	0.00000	260	0.00001
Coriobacteriales	84999	O	121245	0.00219	303464	0.00813	383232	0.00721	644910	0.01684	483858	0.01025	154437	0.00407
Eggerthellales	1643822	O	2726	0.00005	3405	0.00009	2627	0.00005	10747	0.00028	2567	0.00005	2967	0.00008
Egibacterales	1747768	O	346	0.00001	217	0.00001	257	0.00000	174	0.00000	209	0.00000	296	0.00001
Euzebyales	908621	O	302	0.00001	319	0.00001	452	0.00001	157	0.00000	268	0.00001	276	0.00001
Egicoccales	1755823	O	209	0.00000	251	0.00001	265	0.00000	116	0.00000	169	0.00000	189	0.00000
Solirubrobacterales	588673	O	401	0.00001	416	0.00001	459	0.00001	316	0.00001	387	0.00001	329	0.00001
Rubrobacterales	84996	O	439	0.00001	582	0.00002	537	0.00001	258	0.00001	307	0.00001	370	0.00001
Acidimicrobiales	84993	O	67	0.00000	88	0.00000	47	0.00000	52	0.00000	62	0.00000	66	0.00000
Veillonellales	1843489	O	6938457	0.12541	845071	0.02264	142533	0.00268	5986956	0.15631	6325029	0.13399	3867117	0.10202
Selenomonadales	909929	O	1222393	0.02209	3276626	0.08777	230873	0.00434	991073	0.02588	819146	0.01735	1607023	0.04240
Acidaminococcales	1843488	O	718	0.00001	1147	0.00003	283	0.00001	643	0.00002	752	0.00002	667	0.00002
Lactobacillales	186826	O	5425007	0.09806	2412191	0.06461	6948504	0.13072	3291505	0.08594	4867526	0.10311	3005719	0.07930
Bacillales	1385	O	124457	0.00225	92558	0.00248	93413	0.00176	104384	0.00273	132139	0.00280	76543	0.00202
Clostridiales	186802	O	149406	0.00270	124530	0.00334	113698	0.00214	85178	0.00222	121006	0.00256	90954	0.00240
Thermoanaerobacterales	68295	O	2476	0.00004	2171	0.00006	1077	0.00002	1753	0.00005	2322	0.00005	1693	0.00004
Halanaerobiales	53433	O	554	0.00001	502	0.00001	245	0.00000	377	0.00001	625	0.00001	377	0.00001
Natranaerobiales	485256	O	50	0.00000	29	0.00000	10	0.00000	129	0.00000	98	0.00000	61	0.00000
Tissierellales	1737405	O	10274	0.00019	8660	0.00023	4373	0.00008	22036	0.00058	16790	0.00036	7452	0.00020
Erysipelotrichales	526525	O	1285	0.00002	913	0.00002	1059	0.00002	1669	0.00004	1515	0.00003	1027	0.00003
Limnochordales	1676649	O	644	0.00001	661	0.00002	414	0.00001	255	0.00001	315	0.00001	530	0.00001
Nostocales	1161	O	3578	0.00006	1764	0.00005	1149	0.00002	2229	0.00006	4151	0.00009	1983	0.00005
Synechococcales	1890424	O	2848	0.00005	2507	0.00007	1977	0.00004	1776	0.00005	2381	0.00005	2090	0.00006
Oscillatoriales	1150	O	1240	0.00002	729	0.00002	596	0.00001	756	0.00002	970	0.00002	748	0.00002
Chroococcales	1118	O	628	0.00001	607	0.00002	299	0.00001	406	0.00001	674	0.00001	401	0.00001
Gloeobacterales	307595	O	328	0.00001	224	0.00001	297	0.00001	150	0.00000	226	0.00000	215	0.00001
Pleurocapsales	52604	O	216	0.00000	178	0.00000	56	0.00000	123	0.00000	129	0.00000	113	0.00000
Chroococcidiopsidales	1890505	O	180	0.00000	150	0.00000	30	0.00000	136	0.00000	120	0.00000	114	0.00000
Gloeoemargaritales	1955042	O	38	0.00000	13	0.00000	33	0.00000	26	0.00000	73	0.00000	38	0.00000
Deinococcales	118964	O	3066	0.00006	3093	0.00008	2446	0.00005	1632	0.00004	2512	0.00005	2526	0.00007
Thermales	68933	O	1026	0.00002	914	0.00002	1207	0.00002	546	0.00001	763	0.00002	777	0.00002
Mycoplasmatales	2085	O	1866	0.00003	1137	0.00003	599	0.00001	1296	0.00003	1959	0.00004	1272	0.00003
Entomoplasmatales	186328	O	1239	0.00002	657	0.00002	646	0.00001	831	0.00002	1153	0.00002	850	0.00002
Acholeplasmatales	186329	O	802	0.00001	404	0.00001	280	0.00001	532	0.00001	757	0.00002	466	0.00001
Chloroflexales	32064	O	343	0.00001	345	0.00001	420	0.00001	218	0.00001	280	0.00001	279	0.00001
Dehalococcoidales	1202465	O	388	0.00001	420	0.00001	123	0.00000	432	0.00001	430	0.00001	371	0.00001
Anaerolineales	292629	O	271	0.00000	273	0.00001	3616	0.00007	116	0.00000	373	0.00001	224	0.00001
Sphaerobacterales	85001	O	122	0.00000	158	0.00000	125	0.00000	121	0.00000	142	0.00000	125	0.00000
Thermomicrobiales	189776	O	81	0.00000	80	0.00000	76	0.00000	70	0.00000	68	0.00000	66	0.00000
Ardenticatenales	1382929	O	193	0.00000	130	0.00000	173	0.00000	139	0.00000	118	0.00000	113	0.00000
Ktedonobacterales	388448	O	137	0.00000	130	0.00000	65	0.00000	74	0.00000	111	0.00000	122	0.00000
Caldilineales	475963	O	131	0.00000	108	0.00000	135	0.00000	79	0.00000	123	0.00000	86	0.00000
Chthonomonadales	1077263	O	186	0.00000	165	0.00000	125	0.00000	123	0.00000	118	0.00000	123	0.00000
Fimbriimonadales	1663425	O	182	0.00000	127	0.00000	66	0.00000	99	0.00000	142	0.00000	131	0.00000
Flavobacteriales	200644	O	5301860	0.09583	862595	0.02310	941262	0.01771	1587564	0.04145	2660018	0.05635	2502447	0.06602
Bacteroidales	171549	O	2369550	0.04283	3753382	0.10054	285870	0.00538	3261951	0.08517	3068845	0.06501	2476326	0.06533
Marinilabiliales	1970189	O	1900	0.00003	1190	0.00003	342	0.00001	1483	0.00004	1379	0.00003	1314	0.00003
Cytophagales	768507	O	17441	0.00032	10764	0.00029	3928	0.00007	10729	0.00028	13421	0.00028	11549	0.00030
Sphingobacteriales	200666	O	5340	0.00010	2879	0.00008	1729	0.00003	4087	0.00011	5198	0.00011	3393	0.00009
Chitinophagales	1853229	O	3968	0.00007	2251	0.00006	873	0.00002	2432	0.00006	2746	0.00006	2591	0.00007
Bacteroidetes Order II. Incertae sedis	1100069	O	1202	0.00002	997	0.00003	498	0.00001	715	0.00002	975	0.00002	925	0.00002
Saprospirales	1936988	O	869	0.00002	518	0.00001	101	0.00000	375	0.00001	684	0.00001	554	0.00001
Chlorobiales	191411	O	2017	0.00004	1993	0.00005	706	0.00001	1359	0.00004	1722	0.00004	1557	0.00004
Ignavibacteriales	795748	O	126	0.00000	149	0.00000	159	0.00000	95	0.00000	143	0.00000	92	0.00000
Fibrobacterales	218872	O	509	0.00001	427	0.00001	195143	0.00367	384	0.00001	463	0.00001	336	0.00001
Gemmatimonadales	219686	O	559	0.00001	607	0.00002	351	0.00001	395	0.00001	405	0.00001	385	0.00001
Neisseriales	206351	O	3779437	0.06831	948771	0.02541	5088911	0.09574	1849661	0.04829	2847375	0.06032	1960434	0.05172
Burkholderiales	80840	O	835027	0.01509	323360	0.00866	3177773	0.05978	881126	0.02301	1069135	0.02265	412651	0.01089
Nitrosomonadales	32003	O	5695	0.00010	3727	0.00010	3898	0.00007	3153	0.00008	4119	0.00009	3902	0.00010
Rhodocyclales	206389	O	5619	0.00010	3433	0.00009	4153	0.00008	3504	0.00009	3927	0.00008	4034	0.00011
Cardiobacteriales	135615	O	938904	0.01697	368855	0.00988	1035008	0.01947	311694	0.00814	414070	0.00877	567334	0.01497
Pasteurellales	135625	O	268483	0.00485	177046	0.00474	1006763	0.01894	173300	0.00452	560739	0.01188	80613	0.00213
Pseudomonadales	72274	O	56085	0.00101	22944	0.00061	26626	0.00050	20798	0.00054	28803	0.00061	32658	0.00086
Enterobacterales	91347	O	46584	0.00084	32704	0.00088	31042	0.00058	26078	0.00068	41367	0.00088	33504	0.00088
Xanthomonadales	135614	O	18757	0.00034	14742	0.00039	13938	0.00026	10404	0.00027	14777	0.00031	14186	0.00037
Alteromonadales	135622	O	9341	0.00017	5840	0.00016	5018	0.00009	5991	0.00016	8151	0.00017	5930	0.00016
Oceanospirillales	135619	O	8786	0.00016	5804	0.00016	6886	0.00013	5496	0.00014	6695	0.00014	6228	0.00016
Chromatiales	135613	O	6282	0.00011	5089	0.00014	4301	0.00008	3799	0.00010	5035	0.00011	4751	0.00013
Vibrionales	135623	O	12403	0.00022	9120	0.00024	3024	0.00006	8982	0.00023	5126	0.00011	3824	0.00010
Aeromonadales	135624	O	8037	0.00015	5937	0.00016	4527	0.00009	3595	0.00009	6621	0.00014	5781	0.00015
Cellvibrionales	1706369	O	2475	0.00004	2578	0.00007	1387	0.00003	1420	0.00004	1931	0.00004	1742	0.00005
Methylococcales	135618	O	2414	0.00004	1673	0.00004	2173	0.00004	1266	0.00003	1729	0.00004	2968	0.00008
Thiotrichales	72273	O	3654	0.00007	1006	0.00003	850	0.00002	1164	0.00003	1513	0.00003	1262	0.00003
Legionellales	118969	O	1488	0.00003	908	0.00002	582	0.00001	2188	0.00006	2853	0.00006	1019	0.00003
Acidiferrobacterales	1692040	O	650	0.00001	505	0.00001	522	0.00001	534	0.00001	535	0.00001	412	0.00001
Orbales	1240482	O	270	0.00000	116	0.00000	150	0.00000	144	0.00000	262	0.00001	134	0.00000
Nevskiales	1775403	O	251	0.00000	216	0.00001	193	0.00000	155	0.00000	226	0.00000	203	0.00001
Salinisphaerales	742030	O	209	0.00000	171	0.00000	275	0.00001	240	0.00001	214	0.00000	178	0.00000
Immundisolibacterales	1934945	O	182	0.00000	144	0.00000	107	0.00000	120	0.00000	187	0.00000	152	0.00000
Campylobacterales	213849	O	691759	0.01250	667074	0.01787	315561	0.00594	428691	0.01119	573727	0.01215	454592	0.01199
Nautiliales	235899	O	403	0.00001	279	0.00001	97	0.00000	216	0.00001	275	0.00001	210	0.00001
Myxococcales	29	O	6528	0.00012	6611	0.00018	7492	0.00014	3733	0.00010	5206	0.00011	5311	0.00014
Desulfovibrionales	213115	O	3591	0.00006	3364	0.00009	2274	0.00004	2221	0.00006	2702	0.00006	2887	0.00008
Desulfuromonadales	69541	O	2987	0.00005	2776	0.00007	1775	0.00003	1913	0.00005	2371	0.00005	2221	0.00006
Desulfobacterales	213118	O	2763	0.00005	1575	0.00004	19784	0.00037	1460	0.00004	1776	0.00004	1962	0.00005
Syntrophobacterales	213462	O	424	0.00001	252	0.00001	421	0.00001	236	0.00001	344	0.00001	311	0.00001
Bradymonadales	1779134	O	149	0.00000	185	0.00000	120	0.00000	87	0.00000	110	0.00000	118	0.00000
Desulfarculales	453227	O	151	0.00000	166	0.00000	200	0.00000	74	0.00000	139	0.00000	143	0.00000
Desulfurellales	213113	O	115	0.00000	125	0.00000	87	0.00000	61	0.00000	155	0.00000	84	0.00000
Rhizobiales	356	O	31699	0.00057	30970	0.00083	28463	0.00054	19888	0.00052	25877	0.00055	25084	0.00066
Rhodobacterales	204455	O	13514	0.00024	12221	0.00033	12077	0.00023	8258	0.00022	10896	0.00023	10548	0.00028
Sphingomonadales	204457	O	12011	0.00022	10816	0.00029	9499	0.00018	7688	0.00020	9418	0.00020	8977	0.00024
Rhodospirillales	204441	O	8329	0.00015	7244	0.00019	7572	0.00014	4765	0.00012	6447	0.00014	6316	0.00017
Caulobacterales	204458	O	4794	0.00009	4666	0.00012	4454	0.00008	2891	0.00008	4071	0.00009	3793	0.00010
Rickettsiales	766	O	732	0.00001	433	0.00001	256	0.00000	432	0.00001	581	0.00001	430	0.00001
Pelagibacterales	54526	O	228	0.00000	182	0.00000	62	0.00000	308	0.00001	355	0.00001	149	0.00000
Magnetococcales	1191478	O	178	0.00000	72	0.00000	35	0.00000	44	0.00000	99	0.00000	82	0.00000
Holosporales	1921002	O	169	0.00000	161	0.00000	66	0.00000	101	0.00000	172	0.00000	96	0.00000
Emcibacterales	2066490	O	123	0.00000	137	0.00000	59	0.00000	100	0.00000	87	0.00000	95	0.00000
Parvularculales	255473	O	89	0.00000	68	0.00000	59	0.00000	33	0.00000	65	0.00000	59	0.00000
Acidithiobacillales	225057	O	649	0.00001	447	0.00001	374	0.00001	335	0.00001	467	0.00001	450	0.00001
Bdellovibrionales	213481	O	412	0.00001	260	0.00001	243	0.00000	192	0.00001	248	0.00001	301	0.00001
Bacteriovoracales	2024979	O	129	0.00000	43	0.00000	81	0.00000	62	0.00000	137	0.00000	80	0.00000
Silvanigrellales	2024973	O	13	0.00000	11	0.00000	27	0.00000	10	0.00000	22	0.00000	19	0.00000
Mariprofundales	580371	O	219	0.00000	230	0.00001	143	0.00000	219	0.00001	191	0.00000	202	0.00001
Hydrogenophilales	119069	O	148	0.00000	335790	0.00899	83	0.00000	84	0.00000	133	0.00000	95	0.00000
Fusobacteriales	203491	O	1245402	0.02251	242005	0.00648	125706	0.00236	811159	0.02118	725672	0.01537	631128	0.01665
Spirochaetales	136	O	110427	0.00200	7471	0.00020	12623	0.00024	22803	0.00060	250465	0.00531	12053	0.00032
Leptospirales	1643688	O	322	0.00001	322	0.00001	122	0.00000	151	0.00000	273	0.00001	218	0.00001
Brachyspirales	1643686	O	388	0.00001	175	0.00000	172	0.00000	214	0.00001	242891	0.00515	243	0.00001
Opitutales	415000	O	1327	0.00002	1275	0.00003	758	0.00001	799	0.00002	1127	0.00002	1115	0.00003
Puniceicoccales	415001	O	173	0.00000	75	0.00000	27	0.00000	66	0.00000	149	0.00000	102	0.00000
Verrucomicrobiales	48461	O	1254	0.00002	1302	0.00003	776	0.00001	957	0.00002	1080	0.00002	975	0.00003
Methylacidiphilales	717963	O	121	0.00000	30	0.00000	17	0.00000	66	0.00000	96	0.00000	77	0.00000
Planctomycetales	112	O	1218	0.00002	1167	0.00003	1273	0.00002	876	0.00002	1017	0.00002	1012	0.00003
Sedimentisphaerales	2483366	O	254	0.00000	135	0.00000	67	0.00000	229	0.00001	174	0.00000	205	0.00001
Phycisphaerales	666506	O	149	0.00000	229	0.00001	237	0.00000	82	0.00000	159	0.00000	138	0.00000
Candidatus Brocadiales	1127829	O	75	0.00000	24	0.00000	11	0.00000	46	0.00000	37	0.00000	23	0.00000
Parachlamydiales	1963360	O	229	0.00000	94	0.00000	214	0.00000	153	0.00000	131	0.00000	130	0.00000
Chlamydiales	51291	O	200	0.00000	249	0.00001	77	0.00000	149	0.00000	235	0.00000	131	0.00000
Kiritimatiellales	1921782	O	187	0.00000	181	0.00000	128	0.00000	59	0.00000	176	0.00000	122	0.00000
Victivallales	278082	O	89	0.00000	157	0.00000	55	0.00000	52	0.00000	111	0.00000	66	0.00000
Acidobacteriales	204433	O	858	0.00002	1132	0.00003	633	0.00001	688	0.00002	790	0.00002	739	0.00002
Bryobacterales	332160	O	466	0.00001	419	0.00001	455	0.00001	364	0.00001	482	0.00001	251	0.00001
Thermotogales	2419	O	475	0.00001	430	0.00001	250	0.00000	512	0.00001	604	0.00001	353	0.00001
Kosmotogales	1643946	O	206	0.00000	141	0.00000	122	0.00000	120	0.00000	179	0.00000	125	0.00000
Petrotogales	1643947	O	121	0.00000	54	0.00000	74	0.00000	83	0.00000	119	0.00000	57	0.00000
Nitrospirales	189778	O	719	0.00001	817	0.00002	552	0.00001	424	0.00001	608	0.00001	559	0.00001
Synergistales	649776	O	530	0.00001	464	0.00001	915	0.00002	330	0.00001	479	0.00001	417	0.00001
Aquificales	32069	O	285	0.00001	183	0.00000	127	0.00000	170	0.00000	261	0.00001	219	0.00001
Desulfurobacteriales	1485951	O	126	0.00000	28	0.00000	25	0.00000	131	0.00000	151	0.00000	110	0.00000
Deferribacterales	191393	O	393	0.00001	272	0.00001	128	0.00000	216	0.00001	408	0.00001	277	0.00001
Chrysiogenales	189769	O	246	0.00000	144	0.00000	62	0.00000	117	0.00000	113	0.00000	131	0.00000
Elusimicrobiales	641854	O	96	0.00000	68	0.00000	14	0.00000	65	0.00000	90	0.00000	51	0.00000
Endomicrobiales	1783344	O	94	0.00000	59	0.00000	29	0.00000	47	0.00000	98	0.00000	57	0.00000
Thermodesulfobacteriales	188710	O	177	0.00000	63	0.00000	83	0.00000	145	0.00000	142	0.00000	104	0.00000
Calditrichales	1962852	O	75	0.00000	46	0.00000	73	0.00000	59	0.00000	86	0.00000	37	0.00000
Dictyoglomales	203487	O	57	0.00000	32	0.00000	30	0.00000	43	0.00000	62	0.00000	35	0.00000
Caldisericales	693072	O	17	0.00000	11	0.00000	43	0.00000	17	0.00000	26	0.00000	13	0.00000
Coprothermobacterales	2138246	O	14	0.00000	11	0.00000	10	0.00000	16	0.00000	10	0.00000	14	0.00000
Primates	9443	O	7329217	0.13247	8261549	0.22129	7228330	0.13599	4231793	0.11049	10056223	0.21303	5712696	0.15071
Haloferacales	1644055	O	1221	0.00002	1172	0.00003	1282	0.00002	650	0.00002	814	0.00002	961	0.00003
Halobacteriales	2235	O	909	0.00002	898	0.00002	1252	0.00002	490	0.00001	695	0.00001	710	0.00002
Natrialbales	1644060	O	789	0.00001	895	0.00002	1011	0.00002	457	0.00001	703	0.00001	637	0.00002
Methanosarcinales	94695	O	372	0.00001	379	0.00001	208	0.00000	248	0.00001	309	0.00001	264	0.00001
Methanomicrobiales	2191	O	313	0.00001	320	0.00001	293	0.00001	214	0.00001	282	0.00001	245	0.00001
Methanocellales	570264	O	52	0.00000	79	0.00000	60	0.00000	27	0.00000	40	0.00000	36	0.00000
Methanobacteriales	2158	O	302	0.00001	131	0.00000	64	0.00000	204	0.00001	245	0.00001	196	0.00001
Methanococcales	2182	O	206	0.00000	64	0.00000	80	0.00000	220	0.00001	241	0.00001	117	0.00000
Thermococcales	2258	O	231	0.00000	267	0.00001	304	0.00001	125	0.00000	226	0.00000	150	0.00000
Thermoplasmatales	2301	O	87	0.00000	62	0.00000	86	0.00000	71	0.00000	54	0.00000	98	0.00000
Methanomassiliicoccales	1235850	O	29	0.00000	96	0.00000	23	0.00000	21	0.00000	72	0.00000	30	0.00000
Archaeoglobales	2231	O	72	0.00000	52	0.00000	39	0.00000	43	0.00000	35	0.00000	61	0.00000
Sulfolobales	2281	O	620	0.00001	509	0.00001	386	0.00001	440	0.00001	522	0.00001	399	0.00001
Desulfurococcales	114380	O	83	0.00000	78	0.00000	27	0.00000	25	0.00000	37	0.00000	54	0.00000
Thermoproteales	2266	O	53	0.00000	63	0.00000	20	0.00000	31	0.00000	50	0.00000	59	0.00000
Acidilobales	871006	O	58	0.00000	0	0.00000	0	0.00000	0	0.00000	0	0.00000	0	0.00000
Candidatus Nitrosocaldales	1968909	O	22	0.00000	0	0.00000	0	0.00000	0	0.00000	15	0.00000	0	0.00000
Nitrososphaerales	1033996	O	19	0.00000	22	0.00000	0	0.00000	13	0.00000	15	0.00000	15	0.00000
Caudovirales	28883	O	3980	0.00007	2537	0.00007	21580	0.00041	1764	0.00005	4759	0.00010	2732	0.00007
Herpesvirales	548681	O	345	0.00001	387	0.00001	102	0.00000	202	0.00001	347	0.00001	275	0.00001
Ortervirales	2169561	O	0	0.00000	0	0.00000	0	0.00000	64	0.00000	0	0.00000	0	0.00000
Candidatus Babeliales	2497644	O	0	0.00000	0	0.00000	0	0.00000	0	0.00000	0	0.00000	87	0.00000
