name	taxonomy_id	taxonomy_lvl	sample_A_num	sample_A_frac	sample_B_num	sample_B_frac	sample_C_num	sample_C_frac	sample_D_num	sample_D_frac	sample_E_num	sample_E_frac	sample_F_num	sample_F_frac
Actinomycetaceae	2049	F	10258702	0.18542	9815397	0.26291	16174627	0.30430	9294876	0.24268	7230968	0.15318	8296473	0.21888
Corynebacteriaceae	1653	F	3236962	0.05851	2836124	0.07597	641541	0.01207	1264892	0.03303	2100456	0.04450	2488669	0.06566
Mycobacteriaceae	1762	F	23217	0.00042	20055	0.00054	39382	0.00074	13179	0.00034	18056	0.00038	18523	0.00049
Nocardiaceae	85025	F	20788	0.00038	18363	0.00049	31729	0.00060	12355	0.00032	16170	0.00034	16936	0.00045
Gordoniaceae	85026	F	7588	0.00014	6285	0.00017	11498	0.00022	4313	0.00011	5895	0.00012	5973	0.00016
Dietziaceae	85029	F	3255	0.00006	2796	0.00007	9052	0.00017	1898	0.00005	2372	0.00005	2706	0.00007
Tsukamurellaceae	85028	F	2572	0.00005	1796	0.00005	2938	0.00006	1101	0.00003	1568	0.00003	1703	0.00004
Segniliparaceae	316606	F	534	0.00001	783	0.00002	741	0.00001	669	0.00002	788	0.00002	887	0.00002
Micrococcaceae	1268	F	2201542	0.03979	378974	0.01015	5520566	0.10386	1686475	0.04403	1381217	0.02926	1804880	0.04762
Microbacteriaceae	85023	F	58735	0.00106	59722	0.00160	81153	0.00153	33624	0.00088	49628	0.00105	49278	0.00130
Dermabacteraceae	85020	F	13727	0.00025	14406	0.00039	19654	0.00037	8414	0.00022	11636	0.00025	11555	0.00030
Intrasporangiaceae	85021	F	12753	0.00023	12922	0.00035	18196	0.00034	7189	0.00019	10865	0.00023	10576	0.00028
Promicromonosporaceae	85017	F	12686	0.00023	14457	0.00039	17077	0.00032	6997	0.00018	11302	0.00024	11022	0.00029
Bogoriellaceae	145358	F	12315	0.00022	13616	0.00036	15333	0.00029	6779	0.00018	10976	0.00023	10639	0.00028
Brevibacteriaceae	85019	F	10353	0.00019	6913	0.00019	10760	0.00020	4522	0.00012	8627	0.00018	7893	0.00021
Cellulomonadaceae	85016	F	8947	0.00016	11454	0.00031	11043	0.00021	5386	0.00014	8941	0.00019	8450	0.00022
Beutenbergiaceae	125316	F	4168	0.00008	4788	0.00013	5862	0.00011	2203	0.00006	3831	0.00008	3627	0.00010
Dermacoccaceae	145357	F	3788	0.00007	3564	0.00010	4783	0.00009	2412	0.00006	2978	0.00006	3025	0.00008
Dermatophilaceae	85018	F	1831	0.00003	1643	0.00004	3362	0.00006	846	0.00002	1529	0.00003	1379	0.00004
Sanguibacteraceae	145360	F	1885	0.00003	2108	0.00006	2741	0.00005	959	0.00003	1665	0.00004	1719	0.00005
Jonesiaceae	85022	F	431	0.00001	340	0.00001	617	0.00001	279	0.00001	296	0.00001	339	0.00001
Propionibacteriaceae	31957	F	2039108	0.03686	677224	0.01814	2675380	0.05033	946629	0.02472	673656	0.01427	1141404	0.03011
Nocardioidaceae	85015	F	20738	0.00037	18625	0.00050	33145	0.00062	11459	0.00030	17285	0.00037	16759	0.00044
Streptomycetaceae	2062	F	74894	0.00135	70335	0.00188	114497	0.00215	40900	0.00107	60906	0.00129	60583	0.00160
Pseudonocardiaceae	2070	F	19007	0.00034	16740	0.00045	31137	0.00059	10561	0.00028	15617	0.00033	15091	0.00040
Micromonosporaceae	28056	F	14929	0.00027	13498	0.00036	24548	0.00046	7975	0.00021	12560	0.00027	11798	0.00031
Bifidobacteriaceae	31953	F	11540	0.00021	12676	0.00034	15143	0.00028	7184	0.00019	10118	0.00021	9855	0.00026
Nocardiopsaceae	83676	F	3881	0.00007	3494	0.00009	6122	0.00012	1930	0.00005	3314	0.00007	3220	0.00008
Streptosporangiaceae	2004	F	3201	0.00006	3231	0.00009	4872	0.00009	1812	0.00005	2743	0.00006	2805	0.00007
Thermomonosporaceae	2012	F	1380	0.00002	1380	0.00004	2057	0.00004	797	0.00002	1379	0.00003	1246	0.00003
Frankiaceae	74712	F	4049	0.00007	4087	0.00011	6083	0.00011	2277	0.00006	3806	0.00008	3505	0.00009
Geodermatophilaceae	85030	F	2288	0.00004	2191	0.00006	3789	0.00007	1213	0.00003	1898	0.00004	1880	0.00005
Jiangellaceae	1217100	F	1932	0.00003	1990	0.00005	2976	0.00006	1013	0.00003	1736	0.00004	1509	0.00004
Nakamurellaceae	85031	F	1576	0.00003	1366	0.00004	2949	0.00006	877	0.00002	1351	0.00003	1210	0.00003
Kineosporiaceae	83778	F	1128	0.00002	1158	0.00003	4189	0.00008	747	0.00002	1205	0.00003	963	0.00003
Catenulisporaceae	414877	F	1695	0.00003	1694	0.00005	1135	0.00002	1160	0.00003	1583	0.00003	1406	0.00004
Glycomycetaceae	85034	F	767	0.00001	536	0.00001	1144	0.00002	414	0.00001	536	0.00001	600	0.00002
Actinopolysporaceae	622451	F	1362	0.00002	1026	0.00003	859	0.00002	678	0.00002	977	0.00002	932	0.00002
Candidatus Nanopelagicaceae	2162846	F	423	0.00001	403	0.00001	534	0.00001	434	0.00001	426	0.00001	333	0.00001
Acidothermaceae	85032	F	291	0.00001	300	0.00001	431	0.00001	169	0.00000	236	0.00000	260	0.00001
Atopobiaceae	1643824	F	120089	0.00217	302041	0.00809	381483	0.00718	644032	0.01682	482854	0.01023	153262	0.00404
Coriobacteriaceae	84107	F	1155	0.00002	1423	0.00004	1748	0.00003	877	0.00002	1003	0.00002	1174	0.00003
Eggerthellaceae	1643826	F	2726	0.00005	3405	0.00009	2627	0.00005	10747	0.00028	2567	0.00005	2967	0.00008
Egibacteraceae	1747769	F	346	0.00001	217	0.00001	257	0.00000	174	0.00000	209	0.00000	296	0.00001
Euzebyaceae	908622	F	302	0.00001	319	0.00001	452	0.00001	157	0.00000	268	0.00001	276	0.00001
Egicoccaceae	1755824	F	209	0.00000	251	0.00001	265	0.00000	116	0.00000	169	0.00000	189	0.00000
Conexibacteraceae	320583	F	401	0.00001	416	0.00001	459	0.00001	316	0.00001	387	0.00001	329	0.00001
Rubrobacteraceae	84997	F	439	0.00001	582	0.00002	537	0.00001	258	0.00001	307	0.00001	370	0.00001
Acidimicrobiaceae	84994	F	67	0.00000	88	0.00000	47	0.00000	52	0.00000	62	0.00000	66	0.00000
Veillonellaceae	31977	F	6938457	0.12541	845071	0.02264	142533	0.00268	5986956	0.15631	6325029	0.13399	3867117	0.10202
Selenomonadaceae	1843491	F	1221980	0.02209	3276124	0.08775	230732	0.00434	990653	0.02586	818710	0.01734	1606698	0.04239
Sporomusaceae	1843490	F	412	0.00001	502	0.00001	140	0.00000	420	0.00001	435	0.00001	324	0.00001
Acidaminococcaceae	909930	F	718	0.00001	1147	0.00003	283	0.00001	643	0.00002	752	0.00002	667	0.00002
Streptococcaceae	1300	F	5400684	0.09762	2371860	0.06353	6868391	0.12922	3268589	0.08534	4847596	0.10269	2991182	0.07891
Lactobacillaceae	33958	F	8931	0.00016	5788	0.00016	14969	0.00028	7870	0.00021	7465	0.00016	5502	0.00015
Enterococcaceae	81852	F	8181	0.00015	30313	0.00081	46319	0.00087	7505	0.00020	6945	0.00015	4850	0.00013
Carnobacteriaceae	186828	F	3205	0.00006	1769	0.00005	9448	0.00018	3330	0.00009	2546	0.00005	1889	0.00005
Aerococcaceae	186827	F	2426	0.00004	1470	0.00004	7160	0.00013	2711	0.00007	1763	0.00004	1336	0.00004
Leuconostocaceae	81850	F	1577	0.00003	988	0.00003	2214	0.00004	41088	0.00107	1209	0.00003	957	0.00003
Staphylococcaceae	90964	F	90153	0.00163	57511	0.00154	60182	0.00113	39019	0.00102	100139	0.00212	54417	0.00144
Bacillaceae	186817	F	19116	0.00035	20013	0.00054	18802	0.00035	13727	0.00036	18794	0.00040	10750	0.00028
Paenibacillaceae	186822	F	9819	0.00018	10650	0.00029	6387	0.00012	7405	0.00019	8519	0.00018	7492	0.00020
Planococcaceae	186818	F	2262	0.00004	1752	0.00005	4266	0.00008	1950	0.00005	1993	0.00004	1572	0.00004
Alicyclobacillaceae	186823	F	1264	0.00002	1349	0.00004	807	0.00002	748	0.00002	971	0.00002	1011	0.00003
Listeriaceae	186820	F	1281	0.00002	708	0.00002	2280	0.00004	1419	0.00004	1209	0.00003	838	0.00002
Thermoactinomycetaceae	186824	F	404	0.00001	398	0.00001	582	0.00001	343	0.00001	349	0.00001	325	0.00001
Sporolactobacillaceae	186821	F	154	0.00000	174	0.00000	103	0.00000	179	0.00000	161	0.00000	135	0.00000
Lachnospiraceae	186803	F	107533	0.00194	67914	0.00182	78066	0.00147	49821	0.00130	78714	0.00167	59507	0.00157
Clostridiaceae	31979	F	13091	0.00024	8157	0.00022	5625	0.00011	8385	0.00022	11811	0.00025	8523	0.00022
Clostridiales Family XIII. Incertae Sedis	543314	F	8627	0.00016	24516	0.00066	12239	0.00023	11952	0.00031	10830	0.00023	6248	0.00016
Clostridiales Family XVII. Incertae Sedis	539000	F	420	0.00001	396	0.00001	268	0.00001	233	0.00001	313	0.00001	297	0.00001
Clostridiales Family XVI. Incertae Sedis	543347	F	99	0.00000	139	0.00000	116	0.00000	69	0.00000	72	0.00000	85	0.00000
Ruminococcaceae	541000	F	5201	0.00009	8799	0.00024	2587	0.00005	3604	0.00009	4721	0.00010	5364	0.00014
Peptostreptococcaceae	186804	F	4429	0.00008	3522	0.00009	5826	0.00011	4109	0.00011	5626	0.00012	2744	0.00007
Eubacteriaceae	186806	F	2315	0.00004	2536	0.00007	1284	0.00002	1698	0.00004	2042	0.00004	1974	0.00005
Peptococcaceae	186807	F	2019	0.00004	2390	0.00006	967	0.00002	1619	0.00004	3333	0.00007	1586	0.00004
Hungateiclostridiaceae	2304686	F	3913	0.00007	3424	0.00009	1957	0.00004	2518	0.00007	2035	0.00004	3036	0.00008
Christensenellaceae	990719	F	671	0.00001	1065	0.00003	401	0.00001	442	0.00001	622	0.00001	553	0.00001
Oscillospiraceae	216572	F	526	0.00001	760	0.00002	3975	0.00007	366	0.00001	398	0.00001	519	0.00001
Symbiobacteriaceae	543349	F	202	0.00000	283	0.00001	198	0.00000	95	0.00000	157	0.00000	191	0.00001
Heliobacteriaceae	31984	F	251	0.00000	503	0.00001	92	0.00000	189	0.00000	204	0.00000	271	0.00001
Syntrophomonadaceae	68298	F	101	0.00000	117	0.00000	91	0.00000	72	0.00000	123	0.00000	51	0.00000
Thermoanaerobacteraceae	186814	F	1366	0.00002	1215	0.00003	530	0.00001	838	0.00002	1188	0.00003	865	0.00002
Thermoanaerobacterales Family III. Incertae Sedis	543371	F	983	0.00002	882	0.00002	514	0.00001	805	0.00002	955	0.00002	722	0.00002
Thermodesulfobiaceae	227387	F	74	0.00000	44	0.00000	11	0.00000	60	0.00000	136	0.00000	64	0.00000
Thermoanaerobacterales Family IV. Incertae Sedis	543372	F	51	0.00000	29	0.00000	21	0.00000	50	0.00000	42	0.00000	41	0.00000
Halanaerobiaceae	972	F	357	0.00001	318	0.00001	153	0.00000	242	0.00001	368	0.00001	220	0.00001
Halobacteroidaceae	53434	F	197	0.00000	184	0.00000	91	0.00000	135	0.00000	256	0.00001	157	0.00000
Natranaerobiaceae	485255	F	50	0.00000	29	0.00000	10	0.00000	129	0.00000	98	0.00000	61	0.00000
Peptoniphilaceae	1570339	F	9311	0.00017	8100	0.00022	3939	0.00007	21452	0.00056	15845	0.00034	6934	0.00018
Tissierellaceae	1737406	F	350	0.00001	342	0.00001	131	0.00000	183	0.00000	369	0.00001	182	0.00000
Gottschalkiaceae	2042895	F	612	0.00001	218	0.00001	301	0.00001	400	0.00001	576	0.00001	335	0.00001
Erysipelotrichaceae	128827	F	1285	0.00002	913	0.00002	1059	0.00002	1669	0.00004	1515	0.00003	1027	0.00003
Limnochordaceae	1676650	F	644	0.00001	661	0.00002	414	0.00001	255	0.00001	315	0.00001	530	0.00001
Nostocaceae	1162	F	1859	0.00003	829	0.00002	635	0.00001	1028	0.00003	1992	0.00004	1013	0.00003
Rivulariaceae	1185	F	661	0.00001	373	0.00001	215	0.00000	723	0.00002	804	0.00002	378	0.00001
Hapalosiphonaceae	1892263	F	510	0.00001	199	0.00001	129	0.00000	174	0.00000	662	0.00001	187	0.00000
Aphanizomenonaceae	1892259	F	350	0.00001	166	0.00000	133	0.00000	203	0.00001	381	0.00001	265	0.00001
Scytonemataceae	1182	F	196	0.00000	195	0.00001	35	0.00000	98	0.00000	310	0.00001	139	0.00000
Synechococcaceae	1890426	F	2086	0.00004	1814	0.00005	1572	0.00003	1118	0.00003	1739	0.00004	1557	0.00004
Leptolyngbyaceae	1890438	F	258	0.00000	278	0.00001	64	0.00000	187	0.00000	181	0.00000	199	0.00001
Prochloraceae	1213	F	201	0.00000	141	0.00000	88	0.00000	250	0.00001	214	0.00000	124	0.00000
Chamaesiphonaceae	1890431	F	100	0.00000	69	0.00000	85	0.00000	63	0.00000	53	0.00000	63	0.00000
Merismopediaceae	1890428	F	69	0.00000	48	0.00000	69	0.00000	59	0.00000	73	0.00000	47	0.00000
Pseudanabaenaceae	1890436	F	60	0.00000	72	0.00000	46	0.00000	57	0.00000	75	0.00000	38	0.00000
Prochlorotrichaceae	2303730	F	52	0.00000	57	0.00000	34	0.00000	26	0.00000	30	0.00000	42	0.00000
Acaryochloridaceae	1890429	F	19	0.00000	24	0.00000	17	0.00000	12	0.00000	12	0.00000	18	0.00000
Microcoleaceae	1892252	F	487	0.00001	258	0.00001	158	0.00000	161	0.00000	173	0.00000	203	0.00001
Oscillatoriaceae	1892254	F	270	0.00000	138	0.00000	137	0.00000	221	0.00001	389	0.00001	149	0.00000
Cyanothecaceae	1892249	F	197	0.00000	164	0.00000	162	0.00000	223	0.00001	264	0.00001	202	0.00001
Coleofasciculaceae	1892251	F	259	0.00000	152	0.00000	132	0.00000	121	0.00000	99	0.00000	164	0.00000
Gomontiellaceae	1892255	F	25	0.00000	14	0.00000	0	0.00000	28	0.00000	43	0.00000	28	0.00000
Chroococcaceae	1890464	F	363	0.00001	432	0.00001	181	0.00000	289	0.00001	398	0.00001	247	0.00001
Aphanothecaceae	1890450	F	118	0.00000	37	0.00000	56	0.00000	57	0.00000	125	0.00000	72	0.00000
Microcystaceae	1890449	F	83	0.00000	83	0.00000	26	0.00000	37	0.00000	81	0.00000	42	0.00000
Cyanobacteriaceae	1890452	F	62	0.00000	53	0.00000	35	0.00000	21	0.00000	69	0.00000	39	0.00000
Gloeobacteraceae	1890422	F	328	0.00001	224	0.00001	297	0.00001	150	0.00000	226	0.00000	215	0.00001
Dermocarpellaceae	1890498	F	176	0.00000	137	0.00000	44	0.00000	98	0.00000	105	0.00000	88	0.00000
Hyellaceae	1890500	F	39	0.00000	40	0.00000	11	0.00000	24	0.00000	24	0.00000	24	0.00000
Chroococcidiopsidaceae	1890528	F	180	0.00000	150	0.00000	30	0.00000	136	0.00000	120	0.00000	114	0.00000
Gloeomargaritaceae	1955043	F	38	0.00000	13	0.00000	33	0.00000	26	0.00000	73	0.00000	38	0.00000
Deinococcaceae	183710	F	2886	0.00005	2839	0.00008	2361	0.00004	1508	0.00004	2290	0.00005	2355	0.00006
Trueperaceae	332247	F	179	0.00000	253	0.00001	85	0.00000	124	0.00000	222	0.00000	170	0.00000
Thermaceae	188786	F	1026	0.00002	914	0.00002	1207	0.00002	546	0.00001	763	0.00002	777	0.00002
Mycoplasmataceae	2092	F	1866	0.00003	1137	0.00003	599	0.00001	1296	0.00003	1959	0.00004	1272	0.00003
Spiroplasmataceae	2131	F	733	0.00001	397	0.00001	383	0.00001	541	0.00001	668	0.00001	493	0.00001
Entomoplasmataceae	33925	F	505	0.00001	259	0.00001	262	0.00000	289	0.00001	485	0.00001	357	0.00001
Acholeplasmataceae	2146	F	802	0.00001	404	0.00001	280	0.00001	532	0.00001	757	0.00002	466	0.00001
Roseiflexaceae	1508635	F	211	0.00000	238	0.00001	165	0.00000	126	0.00000	160	0.00000	179	0.00000
Chloroflexaceae	1106	F	132	0.00000	107	0.00000	255	0.00000	91	0.00000	120	0.00000	100	0.00000
Dehalococcoidaceae	1202464	F	388	0.00001	420	0.00001	123	0.00000	432	0.00001	430	0.00001	371	0.00001
Anaerolineaceae	292628	F	271	0.00000	273	0.00001	3616	0.00007	116	0.00000	373	0.00001	224	0.00001
Sphaerobacteraceae	85002	F	122	0.00000	158	0.00000	125	0.00000	121	0.00000	142	0.00000	125	0.00000
Thermomicrobiaceae	189777	F	81	0.00000	80	0.00000	76	0.00000	70	0.00000	68	0.00000	189	0.00000
Ardenticatenaceae	1382930	F	330	0.00001	260	0.00001	173	0.00000	139	0.00000	229	0.00000	113	0.00000
Caldilineaceae	475964	F	131	0.00000	108	0.00000	200	0.00000	154	0.00000	123	0.00000	86	0.00000
Chthonomonadaceae	1077264	F	186	0.00000	165	0.00000	125	0.00000	123	0.00000	118	0.00000	123	0.00000
Fimbriimonadaceae	1663426	F	182	0.00000	127	0.00000	66	0.00000	99	0.00000	142	0.00000	131	0.00000
Flavobacteriaceae	49546	F	5300578	0.09581	862038	0.02309	940730	0.01770	1586713	0.04143	2658789	0.05632	2501742	0.06600
Blattabacteriaceae	39782	F	455	0.00001	213	0.00001	210	0.00000	259	0.00001	412	0.00001	198	0.00001
Cryomorphaceae	246874	F	533	0.00001	267	0.00001	77	0.00000	248	0.00001	541	0.00001	353	0.00001
Crocinitomicaceae	1853230	F	189	0.00000	45	0.00000	30	0.00000	270	0.00001	153	0.00000	108	0.00000
Ichthyobacteriaceae	1755828	F	103	0.00000	29	0.00000	212	0.00000	72	0.00000	122	0.00000	45	0.00000
Prevotellaceae	171552	F	1397517	0.02526	1005785	0.02694	43943	0.00083	2902986	0.07579	1793771	0.03800	1824337	0.04813
Tannerellaceae	2005525	F	858850	0.01552	2673865	0.07162	77188	0.00145	270874	0.00707	1184270	0.02509	570306	0.01505
Bacteroidaceae	815	F	45539	0.00082	31345	0.00084	4091	0.00008	47267	0.00123	38937	0.00082	40271	0.00106
Porphyromonadaceae	171551	F	43518	0.00079	27376	0.00073	157766	0.00297	27508	0.00072	36041	0.00076	26041	0.00069
Muribaculaceae	2005473	F	8745	0.00016	4254	0.00011	622	0.00001	4331	0.00011	4059	0.00009	4744	0.00013
Rikenellaceae	171550	F	6380	0.00012	4636	0.00012	947	0.00002	3552	0.00009	5077	0.00011	4901	0.00013
Barnesiellaceae	2005519	F	4338	0.00008	2982	0.00008	407	0.00001	2110	0.00006	2634	0.00006	2771	0.00007
Odoribacteraceae	1853231	F	2144	0.00004	1545	0.00004	267	0.00001	1704	0.00004	2113	0.00004	1426	0.00004
Dysgonamonadaceae	2005520	F	1047	0.00002	651	0.00002	285	0.00001	668	0.00002	789	0.00002	655	0.00002
Paludibacteraceae	2005523	F	1468	0.00003	937	0.00003	349	0.00001	946	0.00002	1150	0.00002	870	0.00002
Prolixibacteraceae	1471398	F	905	0.00002	449	0.00001	118	0.00000	530	0.00001	527	0.00001	522	0.00001
Marinilabiliaceae	558415	F	429	0.00001	274	0.00001	105	0.00000	355	0.00001	361	0.00001	344	0.00001
Marinifilaceae	1573805	F	358	0.00001	280	0.00001	85	0.00000	369	0.00001	299	0.00001	290	0.00001
Salinivirgaceae	1970190	F	207	0.00000	186	0.00000	32	0.00000	228	0.00001	191	0.00000	157	0.00000
Hymenobacteraceae	1853232	F	7793	0.00014	5232	0.00014	1669	0.00003	4509	0.00012	5507	0.00012	5313	0.00014
Cytophagaceae	89373	F	5192	0.00009	3246	0.00009	1034	0.00002	3104	0.00008	3642	0.00008	3421	0.00009
Cyclobacteriaceae	563798	F	1791	0.00003	850	0.00002	555	0.00001	1177	0.00003	1776	0.00004	1075	0.00003
Flammeovirgaceae	200667	F	1860	0.00003	1010	0.00003	282	0.00001	1442	0.00004	1737	0.00004	1240	0.00003
Amoebophilaceae	1501348	F	344	0.00001	264	0.00001	98	0.00000	177	0.00000	316	0.00001	221	0.00001
Persicobacteraceae	1853234	F	339	0.00001	122	0.00000	237	0.00000	173	0.00000	262	0.00001	197	0.00001
Bernardetiaceae	1937968	F	120	0.00000	37	0.00000	50	0.00000	145	0.00000	179	0.00000	79	0.00000
Sphingobacteriaceae	84566	F	5340	0.00010	2879	0.00008	1729	0.00003	4087	0.00011	5198	0.00011	3393	0.00009
Chitinophagaceae	563835	F	3968	0.00007	2251	0.00006	873	0.00002	2432	0.00006	2746	0.00006	2591	0.00007
Rhodothermaceae	563843	F	1202	0.00002	997	0.00003	498	0.00001	715	0.00002	975	0.00002	925	0.00002
Saprospiraceae	89374	F	447	0.00001	217	0.00001	44	0.00000	199	0.00001	359	0.00001	282	0.00001
Haliscomenobacteraceae	1937961	F	421	0.00001	300	0.00001	57	0.00000	176	0.00000	325	0.00001	271	0.00001
Chlorobiaceae	191412	F	2017	0.00004	1993	0.00005	706	0.00001	1359	0.00004	1722	0.00004	1557	0.00004
Melioribacteraceae	1334117	F	68	0.00000	126	0.00000	56	0.00000	53	0.00000	84	0.00000	59	0.00000
Ignavibacteriaceae	795749	F	58	0.00000	23	0.00000	103	0.00000	42	0.00000	59	0.00000	33	0.00000
Fibrobacteraceae	204431	F	509	0.00001	427	0.00001	195143	0.00367	384	0.00001	463	0.00001	336	0.00001
Gemmatimonadaceae	219687	F	559	0.00001	607	0.00002	351	0.00001	395	0.00001	405	0.00001	385	0.00001
Neisseriaceae	481	F	3771525	0.06817	944982	0.02531	5083319	0.09563	1845096	0.04817	2842489	0.06022	1954888	0.05157
Chromobacteriaceae	1499392	F	7911	0.00014	3788	0.00010	5591	0.00011	4565	0.00012	4885	0.00010	5546	0.00015
Comamonadaceae	80864	F	441926	0.00799	174414	0.00467	524616	0.00987	165537	0.00432	459059	0.00972	140361	0.00370
Burkholderiaceae	119060	F	366850	0.00663	132336	0.00354	2630397	0.04949	700152	0.01828	589660	0.01249	253402	0.00669
Alcaligenaceae	506	F	12300	0.00022	7612	0.00020	11240	0.00021	7207	0.00019	9593	0.00020	8759	0.00023
Oxalobacteraceae	75682	F	13598	0.00025	8599	0.00023	11294	0.00021	7956	0.00021	10535	0.00022	9799	0.00026
Sutterellaceae	995019	F	351	0.00001	396	0.00001	223	0.00000	271	0.00001	286	0.00001	327	0.00001
Methylophilaceae	32011	F	1502	0.00003	826	0.00002	869	0.00002	888	0.00002	952	0.00002	1055	0.00003
Gallionellaceae	90627	F	1351	0.00002	789	0.00002	784	0.00001	728	0.00002	881	0.00002	950	0.00003
Nitrosomonadaceae	206379	F	1169	0.00002	801	0.00002	996	0.00002	658	0.00002	771	0.00002	739	0.00002
Sterolibacteriaceae	2008793	F	1138	0.00002	624	0.00002	836	0.00002	552	0.00001	753	0.00002	785	0.00002
Thiobacillaceae	2008790	F	532	0.00001	685	0.00002	411	0.00001	325	0.00001	759	0.00002	370	0.00001
Zoogloeaceae	2008794	F	3723	0.00007	2728	0.00007	2851	0.00005	2305	0.00006	3120	0.00007	2791	0.00007
Azonexaceae	2008795	F	617	0.00001	348	0.00001	399	0.00001	450	0.00001	410	0.00001	405	0.00001
Rhodocyclaceae	75787	F	1278	0.00002	356	0.00001	902	0.00002	749	0.00002	396	0.00001	837	0.00002
Cardiobacteriaceae	868	F	938904	0.01697	368855	0.00988	1035008	0.01947	311694	0.00814	414070	0.00877	567334	0.01497
Pasteurellaceae	712	F	268483	0.00485	177046	0.00474	1006763	0.01894	173300	0.00452	560739	0.01188	80613	0.00213
Pseudomonadaceae	135621	F	50909	0.00092	20125	0.00054	23937	0.00045	17295	0.00045	24700	0.00052	29340	0.00077
Moraxellaceae	468	F	5175	0.00009	2818	0.00008	2689	0.00005	3502	0.00009	4103	0.00009	3318	0.00009
Enterobacteriaceae	543	F	27265	0.00049	19814	0.00053	18294	0.00034	15064	0.00039	24224	0.00051	20944	0.00055
Yersiniaceae	1903411	F	6910	0.00012	4378	0.00012	4806	0.00009	4380	0.00011	6161	0.00013	4532	0.00012
Pectobacteriaceae	1903410	F	4152	0.00008	3071	0.00008	3416	0.00006	2114	0.00006	3275	0.00007	2699	0.00007
Erwiniaceae	1903409	F	3405	0.00006	2505	0.00007	1991	0.00004	1966	0.00005	3113	0.00007	2462	0.00006
Morganellaceae	1903414	F	2260	0.00004	1387	0.00004	1243	0.00002	1240	0.00003	2563	0.00005	1307	0.00003
Hafniaceae	1903412	F	2289	0.00004	783	0.00002	862	0.00002	788	0.00002	1042	0.00002	1321	0.00003
Budviciaceae	1903416	F	300	0.00001	763	0.00002	426	0.00001	523	0.00001	985	0.00002	235	0.00001
Xanthomonadaceae	32033	F	16580	0.00030	13179	0.00035	12463	0.00023	9056	0.00024	13274	0.00028	12583	0.00033
Rhodanobacteraceae	1775411	F	2177	0.00004	1563	0.00004	1475	0.00003	1348	0.00004	1502	0.00003	1603	0.00004
Alteromonadaceae	72275	F	3685	0.00007	2457	0.00007	2162	0.00004	2170	0.00006	3079	0.00007	2434	0.00006
Shewanellaceae	267890	F	2888	0.00005	1699	0.00005	1477	0.00003	1795	0.00005	2478	0.00005	1756	0.00005
Pseudoalteromonadaceae	267888	F	1346	0.00002	796	0.00002	672	0.00001	1016	0.00003	1332	0.00003	847	0.00002
Colwelliaceae	267889	F	593	0.00001	409	0.00001	229	0.00000	400	0.00001	498	0.00001	350	0.00001
Idiomarinaceae	267893	F	372	0.00001	217	0.00001	227	0.00000	220	0.00001	295	0.00001	237	0.00001
Moritellaceae	267891	F	169	0.00000	91	0.00000	47	0.00000	175	0.00000	181	0.00000	121	0.00000
Psychromonadaceae	267894	F	152	0.00000	72	0.00000	102	0.00000	143	0.00000	153	0.00000	101	0.00000
Ferrimonadaceae	267892	F	131	0.00000	95	0.00000	99	0.00000	69	0.00000	131	0.00000	82	0.00000
Halomonadaceae	28256	F	5043	0.00009	3725	0.00010	4826	0.00009	2960	0.00008	3946	0.00008	3831	0.00010
Alcanivoracaceae	224372	F	1272	0.00002	647	0.00002	686	0.00001	956	0.00002	880	0.00002	750	0.00002
Oceanospirillaceae	135620	F	928	0.00002	545	0.00001	560	0.00001	674	0.00002	720	0.00002	593	0.00002
Saccharospirillaceae	255527	F	541	0.00001	257	0.00001	270	0.00001	336	0.00001	409	0.00001	366	0.00001
Kangiellaceae	1920240	F	379	0.00001	235	0.00001	117	0.00000	213	0.00001	293	0.00001	270	0.00001
Hahellaceae	224379	F	282	0.00001	216	0.00001	301	0.00001	144	0.00000	220	0.00000	219	0.00001
Oleiphilaceae	191033	F	270	0.00000	125	0.00000	84	0.00000	150	0.00000	167	0.00000	155	0.00000
Endozoicomonadaceae	2066474	F	68	0.00000	51	0.00000	40	0.00000	59	0.00000	55	0.00000	39	0.00000
Ectothiorhodospiraceae	72276	F	2797	0.00005	2364	0.00006	1824	0.00003	1693	0.00004	2225	0.00005	2198	0.00006
Chromatiaceae	1046	F	2119	0.00004	1626	0.00004	1579	0.00003	1304	0.00003	1692	0.00004	1582	0.00004
Halothiobacillaceae	255526	F	388	0.00001	310	0.00001	111	0.00000	199	0.00001	284	0.00001	278	0.00001
Granulosicoccaceae	449719	F	279	0.00001	282	0.00001	204	0.00000	201	0.00001	427	0.00001	222	0.00001
Thioalkalispiraceae	1096778	F	234	0.00000	228	0.00001	205	0.00000	136	0.00000	204	0.00000	163	0.00000
Wenzhouxiangellaceae	1676141	F	383	0.00001	193	0.00001	291	0.00001	195	0.00001	132	0.00000	230	0.00001
Woeseiaceae	1738654	F	79	0.00000	83	0.00000	84	0.00000	69	0.00000	68	0.00000	74	0.00000
Vibrionaceae	641	F	12403	0.00022	9120	0.00024	3024	0.00006	8982	0.00023	5126	0.00011	3824	0.00010
Aeromonadaceae	84642	F	8037	0.00015	5937	0.00016	4527	0.00009	3595	0.00009	6621	0.00014	5781	0.00015
Cellvibrionaceae	1706371	F	1015	0.00002	550	0.00001	577	0.00001	662	0.00002	868	0.00002	743	0.00002
Microbulbiferaceae	1706373	F	587	0.00001	490	0.00001	498	0.00001	349	0.00001	444	0.00001	438	0.00001
Spongiibacteraceae	1706375	F	445	0.00001	1299	0.00003	131	0.00000	157	0.00000	287	0.00001	280	0.00001
Halieaceae	1706372	F	427	0.00001	237	0.00001	180	0.00000	250	0.00001	330	0.00001	279	0.00001
Methylococcaceae	403	F	2414	0.00004	1673	0.00004	2173	0.00004	1266	0.00003	1729	0.00004	2968	0.00008
Piscirickettsiaceae	135616	F	1112	0.00002	592	0.00002	496	0.00001	692	0.00002	802	0.00002	752	0.00002
Francisellaceae	34064	F	591	0.00001	292	0.00001	203	0.00000	368	0.00001	545	0.00001	371	0.00001
Thiotrichaceae	135617	F	1950	0.00004	121	0.00000	150	0.00000	103	0.00000	165	0.00000	138	0.00000
Legionellaceae	444	F	1253	0.00002	815	0.00002	463	0.00001	983	0.00003	1249	0.00003	858	0.00002
Coxiellaceae	118968	F	235	0.00000	93	0.00000	119	0.00000	1205	0.00003	1604	0.00003	161	0.00000
Acidiferrobacteraceae	1692041	F	650	0.00001	505	0.00001	522	0.00001	534	0.00001	535	0.00001	412	0.00001
Orbaceae	1240483	F	270	0.00000	116	0.00000	150	0.00000	144	0.00000	262	0.00001	134	0.00000
Sinobacteraceae	568386	F	251	0.00000	216	0.00001	193	0.00000	155	0.00000	226	0.00000	203	0.00001
Salinisphaeraceae	742031	F	209	0.00000	171	0.00000	275	0.00001	240	0.00001	214	0.00000	178	0.00000
Immundisolibacteraceae	1934946	F	182	0.00000	144	0.00000	107	0.00000	120	0.00000	187	0.00000	152	0.00000
Campylobacteraceae	72294	F	690121	0.01247	665880	0.01784	314735	0.00592	427548	0.01116	572224	0.01212	453482	0.01196
Helicobacteraceae	72293	F	1638	0.00003	1194	0.00003	826	0.00002	1142	0.00003	1502	0.00003	1109	0.00003
Nautiliaceae	224467	F	403	0.00001	279	0.00001	97	0.00000	216	0.00001	275	0.00001	210	0.00001
Myxococcaceae	31	F	1965	0.00004	1754	0.00005	2137	0.00004	1091	0.00003	1464	0.00003	1557	0.00004
Anaeromyxobacteraceae	1524215	F	1141	0.00002	1250	0.00003	1163	0.00002	701	0.00002	881	0.00002	948	0.00003
Archangiaceae	39	F	1175	0.00002	1196	0.00003	1304	0.00002	591	0.00002	944	0.00002	918	0.00002
Vulgatibacteraceae	1524213	F	89	0.00000	123	0.00000	136	0.00000	57	0.00000	91	0.00000	78	0.00000
Polyangiaceae	49	F	1556	0.00003	1673	0.00004	2098	0.00004	951	0.00002	1353	0.00003	1283	0.00003
Sandaracinaceae	1055686	F	324	0.00001	342	0.00001	278	0.00001	206	0.00001	223	0.00000	316	0.00001
Kofleriaceae	224464	F	274	0.00000	269	0.00001	373	0.00001	135	0.00000	248	0.00001	208	0.00001
Desulfovibrionaceae	194924	F	3093	0.00006	2787	0.00007	2032	0.00004	1920	0.00005	2327	0.00005	2473	0.00007
Desulfomicrobiaceae	213116	F	356	0.00001	455	0.00001	219	0.00000	219	0.00001	281	0.00001	348	0.00001
Desulfohalobiaceae	213117	F	141	0.00000	121	0.00000	23	0.00000	80	0.00000	93	0.00000	65	0.00000
Geobacteraceae	213422	F	2146	0.00004	1994	0.00005	1353	0.00003	1284	0.00003	1630	0.00003	1667	0.00004
Desulfuromonadaceae	213421	F	841	0.00002	781	0.00002	422	0.00001	629	0.00002	741	0.00002	553	0.00001
Desulfobulbaceae	213121	F	1778	0.00003	759	0.00002	19358	0.00036	870	0.00002	878	0.00002	1206	0.00003
Desulfobacteraceae	213119	F	984	0.00002	816	0.00002	425	0.00001	589	0.00002	898	0.00002	756	0.00002
Syntrophaceae	213468	F	224	0.00000	112	0.00000	203	0.00000	139	0.00000	214	0.00000	143	0.00000
Syntrophobacteraceae	213465	F	200	0.00000	139	0.00000	218	0.00000	97	0.00000	129	0.00000	168	0.00000
Bradymonadaceae	1779135	F	149	0.00000	185	0.00000	120	0.00000	87	0.00000	110	0.00000	118	0.00000
Desulfarculaceae	453228	F	151	0.00000	145	0.00000	200	0.00000	60	0.00000	139	0.00000	143	0.00000
Desulfurellaceae	117942	F	76	0.00000	125	0.00000	74	0.00000	61	0.00000	106	0.00000	59	0.00000
Candidatus Desulfofervidaceae	1902584	F	39	0.00000	21	0.00000	13	0.00000	14	0.00000	49	0.00000	25	0.00000
Rhizobiaceae	82115	F	9678	0.00017	9124	0.00024	6866	0.00013	6114	0.00016	7449	0.00016	7405	0.00020
Bradyrhizobiaceae	41294	F	5401	0.00010	5600	0.00015	6281	0.00012	3387	0.00009	4532	0.00010	4333	0.00011
Phyllobacteriaceae	69277	F	4238	0.00008	4036	0.00011	3644	0.00007	2542	0.00007	3454	0.00007	3515	0.00009
Methylobacteriaceae	119045	F	3871	0.00007	4004	0.00011	4836	0.00009	2428	0.00006	3162	0.00007	3072	0.00008
Hyphomicrobiaceae	45401	F	2349	0.00004	2084	0.00006	1416	0.00003	1287	0.00003	1781	0.00004	1776	0.00005
Xanthobacteraceae	335928	F	1057	0.00002	1015	0.00003	1150	0.00002	515	0.00001	877	0.00002	921	0.00002
Bartonellaceae	772	F	798	0.00001	731	0.00002	338	0.00001	531	0.00001	634	0.00001	537	0.00001
Methylocystaceae	31993	F	858	0.00002	902	0.00002	1316	0.00002	492	0.00001	742	0.00002	676	0.00002
Brucellaceae	118882	F	848	0.00002	1189	0.00003	566	0.00001	847	0.00002	715	0.00002	621	0.00002
Aurantimonadaceae	255475	F	619	0.00001	767	0.00002	872	0.00002	324	0.00001	592	0.00001	963	0.00003
Beijerinckiaceae	45404	F	1022	0.00002	666	0.00002	428	0.00001	682	0.00002	943	0.00002	512	0.00001
Chelatococcaceae	2036754	F	386	0.00001	299	0.00001	336	0.00001	297	0.00001	341	0.00001	329	0.00001
Rhodobiaceae	119043	F	293	0.00001	288	0.00001	177	0.00000	213	0.00001	362	0.00001	188	0.00000
Cohaesibacteraceae	655351	F	274	0.00000	259	0.00001	232	0.00000	223	0.00001	288	0.00001	230	0.00001
Rhodobacteraceae	31989	F	13057	0.00024	11769	0.00032	11665	0.00022	7952	0.00021	10508	0.00022	10182	0.00027
Hyphomonadaceae	69657	F	457	0.00001	451	0.00001	411	0.00001	306	0.00001	387	0.00001	365	0.00001
Sphingomonadaceae	41297	F	9257	0.00017	8627	0.00023	7392	0.00014	5841	0.00015	7362	0.00016	6811	0.00018
Erythrobacteraceae	335929	F	2753	0.00005	2188	0.00006	2106	0.00004	1847	0.00005	2056	0.00004	2165	0.00006
Rhodospirillaceae	41295	F	5108	0.00009	4598	0.00012	5041	0.00009	2793	0.00007	3884	0.00008	3863	0.00010
Acetobacteraceae	433	F	3220	0.00006	2646	0.00007	2531	0.00005	1971	0.00005	2562	0.00005	2452	0.00006
Caulobacteraceae	76892	F	4794	0.00009	4666	0.00012	4454	0.00008	2891	0.00008	4071	0.00009	3793	0.00010
Rickettsiaceae	775	F	348	0.00001	218	0.00001	45	0.00000	136	0.00000	225	0.00000	175	0.00000
Anaplasmataceae	942	F	202	0.00000	152	0.00000	145	0.00000	125	0.00000	154	0.00000	124	0.00000
Candidatus Midichloriaceae	1328881	F	180	0.00000	62	0.00000	64	0.00000	331	0.00001	201	0.00000	130	0.00000
Pelagibacteraceae	1655514	F	228	0.00000	182	0.00000	62	0.00000	148	0.00000	355	0.00001	149	0.00000
Magnetococcaceae	1191479	F	178	0.00000	72	0.00000	35	0.00000	44	0.00000	99	0.00000	82	0.00000
Caedimonadaceae	2100208	F	111	0.00000	78	0.00000	49	0.00000	47	0.00000	82	0.00000	46	0.00000
Holosporaceae	44746	F	45	0.00000	48	0.00000	12	0.00000	21	0.00000	47	0.00000	28	0.00000
Candidatus Paracaedibacteraceae	1777752	F	12	0.00000	34	0.00000	0	0.00000	33	0.00000	42	0.00000	21	0.00000
Emcibacteraceae	2066491	F	123	0.00000	137	0.00000	59	0.00000	100	0.00000	87	0.00000	95	0.00000
Parvularculaceae	255474	F	89	0.00000	68	0.00000	59	0.00000	33	0.00000	65	0.00000	59	0.00000
Acidithiobacillaceae	225058	F	649	0.00001	447	0.00001	374	0.00001	335	0.00001	467	0.00001	450	0.00001
Bdellovibrionaceae	213483	F	412	0.00001	260	0.00001	243	0.00000	192	0.00001	248	0.00001	301	0.00001
Halobacteriovoraceae	1652132	F	113	0.00000	35	0.00000	41	0.00000	47	0.00000	107	0.00000	65	0.00000
Bacteriovoracaceae	263369	F	28	0.00000	0	0.00000	66	0.00000	25	0.00000	51	0.00000	34	0.00000
Mariprofundaceae	580372	F	219	0.00000	230	0.00001	143	0.00000	219	0.00001	191	0.00000	202	0.00001
Hydrogenophilaceae	206349	F	148	0.00000	335790	0.00899	83	0.00000	84	0.00000	133	0.00000	95	0.00000
Leptotrichiaceae	1129771	F	692660	0.01252	220133	0.00590	109224	0.00205	281786	0.00736	511050	0.01083	393128	0.01037
Fusobacteriaceae	203492	F	552741	0.00999	21871	0.00059	16482	0.00031	529372	0.01382	214621	0.00455	238000	0.00628
Spirochaetaceae	137	F	110160	0.00199	7347	0.00020	12426	0.00023	22598	0.00059	250201	0.00530	11887	0.00031
Borreliaceae	1643685	F	266	0.00000	123	0.00000	197	0.00000	205	0.00001	263	0.00001	165	0.00000
Leptospiraceae	170	F	322	0.00001	322	0.00001	122	0.00000	151	0.00000	273	0.00001	218	0.00001
Brachyspiraceae	143786	F	388	0.00001	175	0.00000	172	0.00000	214	0.00001	242891	0.00515	243	0.00001
Opitutaceae	134623	F	1327	0.00002	1275	0.00003	758	0.00001	799	0.00002	1127	0.00002	1115	0.00003
Puniceicoccaceae	415002	F	173	0.00000	75	0.00000	27	0.00000	66	0.00000	149	0.00000	102	0.00000
Akkermansiaceae	1647988	F	522	0.00001	575	0.00002	309	0.00001	331	0.00001	421	0.00001	435	0.00001
Verrucomicrobiaceae	203557	F	731	0.00001	727	0.00002	467	0.00001	626	0.00002	659	0.00001	540	0.00001
Methylacidiphilaceae	717964	F	121	0.00000	30	0.00000	17	0.00000	66	0.00000	96	0.00000	77	0.00000
Planctomycetaceae	126	F	575	0.00001	475	0.00001	583	0.00001	475	0.00001	527	0.00001	456	0.00001
Isosphaeraceae	1763524	F	386	0.00001	407	0.00001	441	0.00001	247	0.00001	282	0.00001	331	0.00001
Gemmataceae	1914233	F	256	0.00000	284	0.00001	248	0.00000	153	0.00000	207	0.00000	224	0.00001
Sedimentisphaeraceae	2483367	F	254	0.00000	135	0.00000	67	0.00000	229	0.00001	174	0.00000	205	0.00001
Phycisphaeraceae	666507	F	149	0.00000	229	0.00001	237	0.00000	82	0.00000	159	0.00000	138	0.00000
Candidatus Brocadiaceae	1127830	F	75	0.00000	24	0.00000	11	0.00000	46	0.00000	37	0.00000	23	0.00000
Parachlamydiaceae	92713	F	184	0.00000	66	0.00000	148	0.00000	107	0.00000	81	0.00000	101	0.00000
Waddliaceae	92714	F	35	0.00000	19	0.00000	57	0.00000	31	0.00000	38	0.00000	22	0.00000
Chlamydiaceae	809	F	200	0.00000	249	0.00001	77	0.00000	149	0.00000	235	0.00000	131	0.00000
Kiritimatiellaceae	1921783	F	276	0.00000	338	0.00001	183	0.00000	111	0.00000	287	0.00001	189	0.00000
Acidobacteriaceae	204434	F	858	0.00002	1132	0.00003	633	0.00001	688	0.00002	790	0.00002	739	0.00002
Solibacteraceae	332161	F	186	0.00000	166	0.00000	115	0.00000	95	0.00000	147	0.00000	97	0.00000
Vicinamibacteraceae	2211325	F	280	0.00001	253	0.00001	339	0.00001	269	0.00001	335	0.00001	154	0.00000
Thermotogaceae	188709	F	262	0.00000	271	0.00001	178	0.00000	280	0.00001	373	0.00001	205	0.00001
Fervidobacteriaceae	1643950	F	213	0.00000	159	0.00000	71	0.00000	231	0.00001	231	0.00000	147	0.00000
Kosmotogaceae	1643948	F	206	0.00000	141	0.00000	122	0.00000	120	0.00000	179	0.00000	125	0.00000
Petrotogaceae	1643949	F	121	0.00000	54	0.00000	74	0.00000	83	0.00000	119	0.00000	57	0.00000
Nitrospiraceae	189779	F	719	0.00001	817	0.00002	552	0.00001	424	0.00001	608	0.00001	559	0.00001
Synergistaceae	649777	F	530	0.00001	464	0.00001	915	0.00002	330	0.00001	479	0.00001	417	0.00001
Aquificaceae	64898	F	158	0.00000	126	0.00000	80	0.00000	90	0.00000	140	0.00000	123	0.00000
Hydrogenothermaceae	224027	F	127	0.00000	57	0.00000	47	0.00000	80	0.00000	121	0.00000	96	0.00000
Desulfurobacteriaceae	558314	F	126	0.00000	28	0.00000	25	0.00000	131	0.00000	151	0.00000	110	0.00000
Deferribacteraceae	191394	F	393	0.00001	272	0.00001	128	0.00000	216	0.00001	408	0.00001	277	0.00001
Chrysiogenaceae	189770	F	246	0.00000	144	0.00000	62	0.00000	117	0.00000	113	0.00000	131	0.00000
Elusimicrobiaceae	641876	F	96	0.00000	68	0.00000	14	0.00000	65	0.00000	90	0.00000	51	0.00000
Endomicrobiaceae	1783343	F	94	0.00000	59	0.00000	29	0.00000	47	0.00000	98	0.00000	57	0.00000
Thermodesulfobacteriaceae	188711	F	177	0.00000	63	0.00000	83	0.00000	145	0.00000	142	0.00000	104	0.00000
Calditrichaceae	1962854	F	75	0.00000	46	0.00000	73	0.00000	59	0.00000	86	0.00000	37	0.00000
Dictyoglomaceae	203488	F	57	0.00000	32	0.00000	30	0.00000	43	0.00000	62	0.00000	35	0.00000
Caldisericaceae	693073	F	17	0.00000	11	0.00000	43	0.00000	17	0.00000	26	0.00000	13	0.00000
Coprothermobacteraceae	2138247	F	14	0.00000	11	0.00000	10	0.00000	16	0.00000	10	0.00000	14	0.00000
Hominidae	9604	F	7329217	0.13247	8261549	0.22129	7228330	0.13599	4231793	0.11049	10056223	0.21303	5712696	0.15072
Haloferacaceae	1644056	F	658	0.00001	698	0.00002	721	0.00001	351	0.00001	453	0.00001	618	0.00002
Halorubraceae	1963271	F	563	0.00001	473	0.00001	561	0.00001	299	0.00001	360	0.00001	342	0.00001
Haloarculaceae	1963268	F	560	0.00001	474	0.00001	611	0.00001	281	0.00001	402	0.00001	396	0.00001
Halobacteriaceae	2236	F	348	0.00001	424	0.00001	640	0.00001	209	0.00001	292	0.00001	313	0.00001
Natrialbaceae	1644061	F	789	0.00001	895	0.00002	1011	0.00002	457	0.00001	703	0.00001	637	0.00002
Methanosarcinaceae	2206	F	316	0.00001	269	0.00001	175	0.00000	210	0.00001	260	0.00001	223	0.00001
Methanosaetaceae	143067	F	55	0.00000	110	0.00000	33	0.00000	38	0.00000	49	0.00000	41	0.00000
Methanomicrobiaceae	2194	F	241	0.00000	216	0.00001	229	0.00000	173	0.00000	202	0.00000	193	0.00001
Methanoregulaceae	1198451	F	58	0.00000	88	0.00000	59	0.00000	34	0.00000	72	0.00000	49	0.00000
Methanocellaceae	570265	F	52	0.00000	79	0.00000	60	0.00000	27	0.00000	40	0.00000	36	0.00000
Methanobacteriaceae	2159	F	301	0.00001	131	0.00000	85	0.00000	203	0.00001	245	0.00001	194	0.00001
Methanococcaceae	2183	F	142	0.00000	38	0.00000	29	0.00000	179	0.00000	172	0.00000	81	0.00000
Methanocaldococcaceae	196117	F	64	0.00000	71	0.00000	51	0.00000	40	0.00000	68	0.00000	36	0.00000
Thermococcaceae	2259	F	273	0.00000	267	0.00001	304	0.00001	161	0.00000	261	0.00001	201	0.00001
Thermoplasmataceae	46659	F	13	0.00000	16	0.00000	16	0.00000	11	0.00000	0	0.00000	18	0.00000
Candidatus Methanomethylophilaceae	2517203	F	15	0.00000	55	0.00000	20	0.00000	12	0.00000	31	0.00000	22	0.00000
Archaeoglobaceae	2232	F	72	0.00000	52	0.00000	39	0.00000	43	0.00000	35	0.00000	61	0.00000
Sulfolobaceae	118883	F	620	0.00001	509	0.00001	386	0.00001	440	0.00001	522	0.00001	399	0.00001
Desulfurococcaceae	2272	F	67	0.00000	70	0.00000	24	0.00000	19	0.00000	26	0.00000	45	0.00000
Pyrodictiaceae	2307	F	16	0.00000	0	0.00000	0	0.00000	0	0.00000	11	0.00000	0	0.00000
Thermoproteaceae	2267	F	40	0.00000	30	0.00000	11	0.00000	15	0.00000	39	0.00000	26	0.00000
Thermofilaceae	114378	F	13	0.00000	33	0.00000	0	0.00000	16	0.00000	11	0.00000	33	0.00000
Candidatus Nitrosocaldaceae	1968910	F	22	0.00000	0	0.00000	0	0.00000	0	0.00000	15	0.00000	0	0.00000
Nitrososphaeraceae	1033997	F	19	0.00000	22	0.00000	0	0.00000	13	0.00000	15	0.00000	15	0.00000
Siphoviridae	10699	F	3603	0.00007	2170	0.00006	4629	0.00009	1558	0.00004	4365	0.00009	2461	0.00006
Myoviridae	10662	F	244	0.00000	166	0.00000	352	0.00001	145	0.00000	184	0.00000	191	0.00001
Podoviridae	10744	F	125	0.00000	195	0.00001	16484	0.00031	56	0.00000	205	0.00000	76	0.00000
Herpesviridae	10292	F	241	0.00000	297	0.00001	25	0.00000	197	0.00001	280	0.00001	255	0.00001
Partitiviridae	11012	F	11	0.00000	0	0.00000	14	0.00000	0	0.00000	0	0.00000	0	0.00000
Poxviridae	10240	F	23	0.00000	15	0.00000	12	0.00000	10	0.00000	13	0.00000	18	0.00000
Mimiviridae	549779	F	10	0.00000	0	0.00000	0	0.00000	0	0.00000	13	0.00000	0	0.00000
Phycodnaviridae	10501	F	10	0.00000	0	0.00000	0	0.00000	0	0.00000	0	0.00000	0	0.00000
Cuniculiplasmataceae	1747776	F	0	0.00000	0	0.00000	12	0.00000	0	0.00000	0	0.00000	0	0.00000
Closteroviridae	69973	F	0	0.00000	0	0.00000	12	0.00000	0	0.00000	0	0.00000	0	0.00000
Iridoviridae	10486	F	0	0.00000	0	0.00000	22	0.00000	0	0.00000	0	0.00000	10	0.00000
Simkaniaceae	92712	F	0	0.00000	0	0.00000	0	0.00000	15	0.00000	12	0.00000	0	0.00000
Retroviridae	11632	F	0	0.00000	0	0.00000	0	0.00000	15	0.00000	0	0.00000	0	0.00000
Candidatus Babeliaceae	2497645	F	0	0.00000	0	0.00000	0	0.00000	0	0.00000	0	0.00000	87	0.00000
